==================================
|ID|ints:i|dbls:d|int vec:I      |
==================================
|1 |1     |1.2   |(1;2;3;4;5;6;7)|
|2 |2     |3.4   |(1;2;3;4;5;6;7)|
|5 |3     |5.6   |(1;2;3;4;5;6;7)|
|10|4     |7.8   |(1;2;3;4;5;6;7)|
|12|5     |9     |(1;2;3;4;5;6;7)|

========================================
|ID|ints:i|dbls:d|int vec:I            |
========================================
|1 |1     |1.2   |(1;2;3;4;5;6;7)      |
|2 |2     |3.4   |(1;2;3;4;5;6;7)      |
|5 |3     |5.6   |(1;2;3;4;5;6;7)      |
|10|0     |7.8   |(9;8;7;6;5;4;3;2;1;0)|
|12|5     |9     |(1;2;3;4;5;6;7)      |

