===================
|ID |ints:i|dbls:d|
===================
|0  |123   |4.56  |
|1  |1     |2     |
|14 |789   |1.23  |
|330|456   |7.89  |

========================================
|ID|int vec:I  |dbl vec:D    |chr vec:C|
========================================
|0 |(1;2;3;4;5)|(1.2;3.4;5.6)|"abc"    |
|1 |(1;2;3;4;5)|(1.2;3.4;5.6)|"abc"    |
|2 |(1;2;3;4;5)|(1.2;3.4;5.6)|"abc"    |
|3 |(1;2;3;4;5)|(1.2;3.4;5.6)|"abc"    |
|4 |(1;2;3;4;5)|(1.2;3.4;5.6)|"abc"    |
|5 |(1;2;3;4;5)|(1.2;3.4;5.6)|"abc"    |
|6 |(1;2;3;4;5)|(1.2;3.4;5.6)|"abc"    |
|7 |(1;2;3;4;5)|(1.2;3.4;5.6)|"abc"    |
|8 |(1;2;3;4;5)|(1.2;3.4;5.6)|"abc"    |
|9 |(1;2;3;4;5)|(1.2;3.4;5.6)|"abc"    |
|10|(1;2;3;4;5)|(1.2;3.4;5.6)|"abc"    |
|11|(1;2;3;4;5)|(1.2;3.4;5.6)|"abc"    |
|12|(1;2;3;4;5)|(1.2;3.4;5.6)|"abc"    |
|13|(1;2;3;4;5)|(1.2;3.4;5.6)|"abc"    |
|14|(1;2;3;4;5)|(1.2;3.4;5.6)|"abc"    |
|15|(1;2;3;4;5)|(1.2;3.4;5.6)|"abc"    |

